PTF10hgi	4.78	2.03	2.19	5.12	0.0987
Gaia16apd	2.93	1.23	4.54	9.02	0.102
PTF12dam	2.28	0.18	6.27	7.01	0.1073
SN2015bn	2.16	0.31	11.73	5.46	0.1136
SN2007bi	3.92	0.35	3.8	7.9	0.1279
SN2011ke	0.78	3.88	7.64	8.15	0.1428
SSS120810	3	1.93	2.22	11.13	0.156
SN2012il	2.35	2.24	3.14	7.93	0.175
PTF11rks	2.07	2.88	6.54	12.11	0.1924
iPTF15esb	1.62	2.39	17.5	6.28	0.224
SN2010gx	3.66	0.59	2.39	12.65	0.2297
SN2011kf	1.48	0.7	4.57	11.46	0.245iPTF16bad	3.73	2.62	2.22	7.11	0.2467
LSQ14mo		4.97	1.01	2.1	10.74	0.253
LSQ12dlf	2.82	1.2	3.68	8.28	0.255
PTF09cnd	1.46	0.1	5.16	8.56	0.2584
SN2013dg	3.5	1.56	2.75	8.38	0.265
SN2005ap	1.28	1.71	3.57	15.22	0.2832
iPTF13ehe	2.57	0.2	10.03	6.66	0.3434
LSQ14bdq	0.98	0.49	33.71	8.71	0.345
PTF09cwl	1.74	0.27	6.98	9.11	0.3499
SN2006oz	2.7	0.32	2.97	9.46	0.376
iPTF13dcc	0.81	0.98	23.96	5.23	0.5015
PTF09atu	1.59	0.09	6.2	11.76	0.5015
PS1-14bj	2.82	0.13	18.46	5.07	0.5215
PS1-11ap	3.66	0.82	5.29	5.73	0.524
DES14X3taz	2.41	0.39	5.41	10.46	0.608
PS1-10bzj	5.21	1.63	1.65	11.8	0.650
DES13S2cmm	6.59	0.73	2.31	9.99	0.663
iPTF13ajg	1.82	0.75	4.87	13.08	0.740
PS1-10awh	1.76	1.56	6.47	11.83	0.908
PS1-10ky	1.58	1.19	3.94	12.41	0.956
PS1-10ahf	2.35	0.17	10.5	6.37	1.1
SCP-06F6	1.78	0.16	7.02	11.13	1.189
PS1-10pm	1.31	0.06	4.03	15.75	1.206	
SNLS-07D2bv	3.49	0.26	1.55	10.89	1.50	
PS1-11bam	2.39	1.01	3.73	8.94	1.565	
SNLS-06D4eu	3.55	0.79	2.06	13.19	1.588
